X	arrayTrain_postMeanCollapse	htp1.5_WU_update	commercial_4x44k_postMeanCollapse_WashU_v2	commercial_1x44k_postMeanCollapse_WashU	Agilent_244K	RNAseq.Freeze.20120907	totalRNA.FFPE.20151111	HTAN_BRCA_LOG2_FPKM	HTAN_BRCA_log2_fpkm_uqnorm	HTAN_BRCA	HTAN_BRCA_singlecell_cell_level	HTAN_BRCA_singlecell_cluster_level	HTAN_BRCA_singlecell_cluster_level_2	HTAN_BRCA_singlecell_cluster_level_nonormals	HTAN_BRCA_singlecell_cell_level_nonormals	HTAN_BRCA_singlenuclei_cluster_level	HTAN_BRCA_singlenuclei_cluster_level_df3.0	HTAN-BRCA-bulk-20201201	HTAN-BRCA-sc-cluster-20201209	HTAN-BRCA-sn-cluster-20201209	HTAN-BRCA-sc-cluster-20201215	HTAN-BRCA-sn-cluster-20201215	HTAN-BRCA-sc-average	HTAN-BRCA-sn-average	HTAN-BRCA-sc-cluster-20201218	HTAN-BRCA-sn-cluster-20201218	HTAN-BRCA-ST-cluster-20210303	HTAN-BRCA-ST-cluster-anchor-20210303	HTAN-BRCA-sn-cluster-20210319
ACTR3B	-0.5155	1.833329153	-0.242846154	-0.187	-0.388494218	7.741020626	7.553	-0.19300067	-0.19383056	15.41	0	0.010565211	0.009489852	0.009489852	0	0.32290687	0.315745742	15.41	0.011211729	0.319215686	0.009025966	0.321100917	0.01656798	0.370561653	0.009191176	0.335562165	0.171751412	0	0.295058956
ANLN	-2.479	-1.155718884	-2.51515	-0.927	-2.032012682	10.08239391	10.134	-0.109790854	-0.028971448	16.84	0	0.028433274	0.02742866	0.02742866	0	0.061088988	0.060150376	16.84	0.030205397	0.060606061	0.015038444	0.035714286	0.044238215	0.20755326	0.01843318	0.035528661	0.055371901	0	0.057396778
BAG1	-0.1115	-1.497888263	-0.079864865	-0.1665	-0.03725825	10.27323957	9.344	-0.073081664	-0.092802429	17	0	0.270576859	0.253353642	0.253353642	0	0.079492803	0.080825617	17.03	0.271653543	0.07690006	0.257401316	0.065767285	0.297654293	0.074798991	0.257142857	0.066172834	2.492063492	0	0.079576637
BCL2	0.622	2.487484419	1.07725	0.237	1.257524808	9.894600585	10.609	0.194099669	0.280363352	17.19	0	0.111377885	0.089253202	0.089253202	0	3.969773517	3.969286064	17.66	0.071582579	4.079695283	0.040818216	3.754253308	0.135048964	3.535242679	0.045685279	3.756031233	0.534710744	0	3.750179727
BIRC5	-1.822	-0.283588588	-1.788589744	-0.2565	-1.088205268	8.749377386	8.0915	-0.027304639	0.034857078	16.41	0	0.098701563	0.11033701	0.11033701	0.693147181	0.029565277	0.029080838	16.41	0.134417005	0.029290945	0.084619676	0.017946162	0.210088818	0.060566935	0.069565217	0.016241267	0.385950413	3.617379439	0.024696198
BLVRA	0.039	2.353384781	0.500923077	0.071	-0.022254452	10.02330221	8.19	0.051155955	0.073155785	17.53	0	0.131346979	0.139983373	0.139983373	0	0.181256232	0.161933234	17.52	0.108108108	0.160609037	0.134082397	0.109375	0.133170121	0.131932625	0.122171946	0.109997235	0.891735537	0	0.151029748
CCNB1	-2.237	0.37935647	-1.922225	-1.2715	-2.186852472	10.07544418	8.495	0.109270171	0.106308854	18.31	0	0.072651866	0.077433949	0.077433949	0.693147181	0.025690832	0.024856157	18.31	0.08172043	0.023566879	0.05131579	0.017241379	0.192723753	0.042754857	0.057692308	0.016842684	0.309090909	2.080488784	0.024938766
CCNE1	-1.0145	0.651351044	-1.159175	-0.445	-1.066005778	6.575216259	6.611	-0.240079266	-0.031304851	15.49	0	0.00764829	0.006807771	0.006807771	0	0.008440188	0.008331972	15.21	0.008602151	0.007324841	0.005348922	0.004705882	0.022716921	0.029872645	0.005050505	0.004757291	0.034883721	0	0.008152174
CDC20	-1.4325	-0.839824418	-2.337333333	-1.3615	-1.751721131	9.644891313	8.121	0.135257483	0.210245176	17.82	0	0.038314633	0.042702632	0.042702632	0	0.008808589	0.008256275	17.82	0.055841924	0.008280255	0.027532205	0.004354136	0.102937827	0.0219203	0.034965035	0.004689631	0.242975207	51.16110021	0.012721665
CDC6	-2.3195	0.71656509	-2.4434	-1.606	-2.057808926	8.941387326	8.025	-0.270765146	-0.118230709	15.47	0	0.016953447	0.020154331	0.020154331	0	0.021795062	0.021186441	15.51	0.021561018	0.021960784	0.011764706	0.014545455	0.028011842	0.042461412	0.013513514	0.013969156	0.028099174	26.92386839	0.02173913
NUF2	-2.038	1.638392758	-2.109948718	-1.417	-1.729310094	8.351492072	7.2205	0.070627178	0.231076831	15.31	0	0.020743905	0.021877234	0.021877234	0	0.083432315	0.078782453	15.43	0.033028812	0.077419355	0.011931818	0.047856431	0.062001822	0.178619637	0.018404908	0.046823267	0.058139535	7.447087894	0.082427536
CDH3	0.632	1.366044601	0.1884861	0.532	0.296621134	10.06702348	9.427	-0.185166902	-0.021640544	16.7	0	0.005334722	0.004202253	0.004202253	0	0.041025143	0.036777583	16.54	0.00617284	0.044281618	0.002619974	0.032786885	0.011557732	0.258407184	0.006134969	0.032116713	0.05060241	18.45427005	0.038390093
CENPF	-1.879	-0.962983198	-2.009641026	-1.3315	-1.21260496	11.51559215	11.989	0.179224027	0.252802606	17.07	0	0.186844374	0.208395772	0.208395772	0.693147181	0.186609127	0.163862114	17.64	0.213516746	0.165454545	0.135482181	0.100422833	0.41949442	0.496625389	0.147928994	0.095015044	0.347933884	348.6903287	0.169659443
CEP55	-2.04	-0.371643412	-2.079578947	-0.964	-1.204119457	9.052467792	8.265	0.185221692	0.295855582	16.21	0	0.022456671	0.030685709	0.030685709	0	0.019580256	0.019041025	16.43	0.035791289	0.019235573	0.018483737	0.010967099	0.059496698	0.045689301	0.019607843	0.010771446	0.03626943	0	0.017285206
CXXC5	-0.0505	1.927138533	-0.368105263	-0.3395	0.583435937	9.103994687	8.451	0.050360154	0.103325733	18.64	0	0.219319639	0.204130653	0.204130653	0	0.139690424	0.138059701	18.78	0.203608247	0.140012743	0.201913463	0.098654709	0.212992485	0.118551558	0.218009479	0.111603774	2.015873016	0	0.125902335
EGFR	-0.045	-0.40895264	-1.61425	-0.876	-0.829362046	8.272603427	9.968	0.315983436	0.294669975	17.87	0	0.020305092	0.013907518	0.013907518	0	0.041328485	0.048684855	17.76	0.02238806	0.072941176	0.021004902	0.06122449	0.04896379	0.496537355	0.02173913	0.05692576	0.067152104	6.57827077	0.056939502
ERBB2	2.0265	3.373980383	2.213675	1.301	2.084875895	12.53649007	11.928	-0.082847626	-0.108431387	19.26	0	0.070598967	0.077619048	0.077619048	0	0.514419149	0.501195764	19.14	0.062068966	0.503766787	0.073450135	0.43003413	0.090753815	0.501643289	0.065830721	0.426688227	4.174603175	0.743412165	0.489308176
ESR1	1.1185	2.916796808	0.851794872	0.5205	1.407449286	10.54897166	10.048	-0.012682854	0.090751035	17.21	0	0.054016422	0.044227598	0.044227598	0	14.16447918	14.15962863	17.7	0.022430532	14.06134051	0.020529671	10.5	0.087736279	12.49991197	0.035714286	10.72874302	6.01626506	1.328046502	14.15078558
EXO1	-2.0815	-0.436104334	-1.7515	-1.345	-1.953058342	8.237287651	8.103	-0.324109466	-0.031253766	15.61	0	0.005338829	0.004911775	0.004911775	0	0.019480045	0.018644068	16.11	0.009259259	0.01943294	0.002432358	0.010416667	0.020325666	0.077205235	0.002304147	0.009575123	0.010362694	2741.014923	0.0176
FGFR4	-1.5571	-0.09021586	-1.17074359	-0.306	-1.008645285	6.923929399	6.08	-0.446162771	-0.349868756	14.53	0	0.001618173	0.001323356	0.001323356	0	0.013431733	0.012089528	14.15	0.001431298	0.012740445	0	0.010159652	0.024311091	0.022800634	0	0.010642556	0.060215054	0	0.014755011
FOXA1	1.7755	2.004403583	0.756825	1.38	2.892450211	12.39967935	11.367	0.366011945	0.413054495	18.28	0	0.154037267	0.151899093	0.151899093	0	0.242946844	0.220149254	20.29	0.141791045	0.230769231	0.148333334	0.18	0.207014348	0.15969247	0.135135135	0.204963629	5.860841424	0	0.2544
FOXC1	-0.45	1.42887446	-0.884275	-0.329	-0.140602891	7.423572709	8.1455	-0.044782818	0.12789332	16.93	0	0.032034143	0.018947564	0.018947564	0	0.003013108	0.002745035	16.93	0.027586207	0.00299222	0.01795846	0.00174216	0.04896379	0.117553847	0.01905972	0.002156729	0.032091691	0	0.002860412
GPR160	0.383	5.666021198	0.879894737	0.3855	0.721157304	9.681816867	8.893	0.214639636	0.195548183	16.2	0	0.057722386	0.057834102	0.057834102	0	0.292654592	0.265899123	16.2	0.058206107	0.265940346	0.062645349	0.195364238	0.088248691	0.200980104	0.057692308	0.195972718	1.380952381	0	0.258294367
GRB7	0.772	0.37176255	0.727868421	0.205	0.785288784	9.015404737	8.301	0.070556802	-0.061878834	17.44	0	0.03274818	0.026044178	0.026044178	0	0.165893673	0.149132205	17.3	0.027586207	0.177603853	0.03125	0.136085627	0.03228194	0.14305417	0.028025478	0.136788887	0.572289157	1.059567387	0.143957219
KIF2C	-1.831	-0.978650592	-2.0756	-1.2595	-1.432894099	9.263520271	8.4545	-0.098849441	0.090074727	16.54	0	0.021137026	0.020005463	0.020005463	0	0.027314504	0.025518341	16.54	0.021129797	0.025806452	0.009565265	0.017227878	0.035982692	0.059627912	0.014925373	0.016840234	0.060962567	0	0.030892449
NDC80	-2.0635	-0.475240357	-1.828	-1.718	-1.512434375	8.339688581	7.086	-0.05989839	0.028938193	15.4	0	0.023082776	0.025366863	0.025366863	0	0.020887892	0.018796992	15.4	0.027777778	0.018939394	0.009662062	0.010909091	0.041562286	0.085627091	0.012471655	0.011711656	0.023230088	0	0.023529412
KRT14	0.2785	1.238253748	-0.39615	-0.0455	0.007196464	9.092058084	7.429	0.022717026	0.151108275	17.19	0	0.013194889	0.007547491	0.007547491	0	0.005072212	0.005019907	17.19	0.008602151	0.005095541	0	0.003372681	0.17034844	0.655936381	0.005263158	0.004009965	0.186144578	3063.039835	0.007280291
KRT17	-0.459	0.246015736	-1.164825	-0.9995	-0.684369208	9.744508354	8.908	-0.137575688	-0.050914392	18.46	0	0.196707643	0.049691959	0.049691959	0	0.011000417	0.009569378	18.16	0.061728395	0.009677419	0.019345795	0.006237006	2.003700752	0.238746405	0.019607843	0.006575186	0.248192771	538.1133083	0.009963768
KRT5	-0.6805	2.234875966	-1.19165	-0.8565	-0.761021133	9.79697365	8.764	-0.052483823	0.054454664	17.28	0	0.014903889	0.010455662	0.010455662	0	0.00688603	0.006993007	17.68	0.008193187	0.004905969	0.000803859	0.00209205	0.065759508	0.145078937	0.007518797	0.002721357	0.072289157	302.4939314	0.008
MAPT	0	1.148998514	0.4418	0.104	0.403034349	8.971144459	8.873	-0.46590266	-0.23809942	15.21	0	0.046091085	0.037634409	0.037634409	0	0.779253072	0.69955157	15.59	0.016200295	0.838519489	0.019638044	0.303030303	0.166704623	0.777216973	0.020408163	0.305705456	1.145558487	0	0.778843081
MDM2	0.2405	6.503630597	-0.272666667	-0.1375	-0.197899543	10.89241744	12.155	-0.229077823	-0.222029178	17.26	0	0.143444527	0.139739793	0.139739793	0	0.527170565	0.481927711	17.43	0.134328358	0.48852459	0.128101786	0.430656934	0.164996584	0.767768062	0.142857143	0.453806523	0.780983917	0	0.454805492
MELK	-1.9175	-0.787196863	-1.9323	-1.3565	-1.847675214	8.929375595	8.033	-0.16998683	0.026254206	16.38	0	0.013030782	0.017015752	0.017015752	0	0.09143094	0.088050314	16.38	0.023655914	0.09044586	0.00999102	0.047945205	0.032794352	0.332824696	0.015710919	0.048562767	0.044585987	0	0.093457944
MIA	-0.715	1.991145772	-1.043333333	-0.6455	-0.680630754	4.470588924	5.2495	-0.394936522	0.092823288	13.37	0	0.002328377	0.001672003	0.001672003	0	0	0	13.16	0.001934236	0	0	0	0.007059895	0.191149715	0	0.029909621	0.040677966	161.6232656	0
MKI67	-1.6965	-0.757719431	-2.965948718	-0.733	-1.726379305	11.30192354	12.07	-0.287792162	-0.102289709	17.75	0	0.083319343	0.094080983	0.094080983	0	0.054329638	0.047775662	17.92	0.119092628	0.049891901	0.06622879	0.029908973	0.135276702	2.15124127	0.05	1.97554707	0.155440415	93.69142198	0.050330452
MLPH	0.8465	1.963068745	-0.066131579	0.101	0.984550248	11.84782705	11.784	0.393616713	0.411448669	18.99	0	0.137664693	0.134418203	0.134418203	0	2.336196237	2.36347359	19.45	0.129770992	2.376719057	0.170380682	2.042003231	0.206786609	0.032220201	0.171597633	0.009238899	10.17272148	1.145382712	2.394949884
MMP11	3.289	6.967634333	2.892685714	2.0165	3.241462153	12.36925692	11.163	0.087621921	0.12862598	18.92	0	0.014130274	0.014038174	0.014038174	0	0.014174443	0.013852048	18.52	0.011782032	0.014412054	0.006182337	0.00862069	0.097984514	0.08278068	0.005988024	0.020742723	1.243523316	7.967725404	0.01459854
MYBL2	-1.9115	-1.981576466	-1.603775	-0.397	-1.61655395	10.12309678	8.848	-0.004531993	0.12798382	17.85	0	0.019271431	0.01867222	0.01867222	0	0.046286521	0.044225146	17.82	0.023622047	0.043222004	0.011764706	0.020408163	0.047711228	0.145489759	0.0125	0.089838383	0.124793388	2394.436968	0.040302828
MYC	-1.617	0.426752831	-2.335	-1.8795	-1.151368901	10.79443012	10.551	0.14285669	0.054499595	19.21	0	0.296376812	0.27176168	0.27176168	0	0.08565963	0.082928311	19.42	0.281296024	0.081829897	0.225578232	0.089414183	0.288260077	0.218674805	0.224489796	0.040848415	1.89159292	0.883690559	0.105821126
NAT1	1.081	0.827508907	3.105475	0.8945	0.853039851	7.720837976	7.538	-0.298881351	-0.325988632	14.62	0	0.009561373	0.008336857	0.008336857	0	0.075805687	0.061302682	15.36	0.007761966	0.06072533	0.006730588	0.040816327	0.03547028	0.062943835	0.005988024	0.019657088	3.260962567	1.962371413	0.086263287
ORC6	-2.4095	-1.400635704	-2.7957	0.4965	-2.338159534	7.349175497	7.6315	-0.280150343	-0.170789869	14.69	0	0.022325992	0.025813428	0.025813428	0	0.025925509	0.024301337	14.76	0.027586207	0.025451031	0.020169492	0.019512195	0.035356411	1.087094313	0.01615074	0.291473519	0.042635659	0	0.017793594
PGR	0.648444444	1.030792302	-1.177483871	-0.905	-1.253546011	6.492890662	8.586	-0.565233589	-0.178502082	14.5	0	0.009868492	0.007424156	0.007424156	0	0.56216861	0.515473033	14.84	0.004418262	0.511948271	0	0.264900662	0.03473013	0.17850226	0	0.031217516	0.093264249	0	0.676989416
PHGDH	-1.9655	-0.949022832	-1.90485	-1.387	-1.283085454	10.29585295	9.2585	-0.158406693	-0.100623462	16.18	0	0.063574463	0.054579187	0.054579187	0	0.031247032	0.033050847	16.18	0.045530633	0.03204948	0.054458449	0.031185031	0.110225461	0.0192793	0.057377049	0.004025274	0.338969404	0	0.028277635
PTTG1	-1.8915	-1.064268952	-1.686974359	-1.224	-2.144596023	8.760055573	7.317	0.284126557	0.281014275	17.36	0	0.132145536	0.119539889	0.119539889	0.693147181	0.010921324	0.01005117	17.36	0.153543307	0.009823183	0.089612925	0.00390117	0.271862901	0.001790011	0.133542812	0	0.298347107	25.26849705	0.012155592
RRM2	-2.567	-0.803239531	-2.46925641	-0.308	-2.035829398	10.15748867	9.3955	-0.176763266	0.036691034	16.16	0	0.02380823	0.041241497	0.041241497	0	0.000999013	0.000865501	16.16	0.06185567	0.000831532	0.022739018	0	0.086540651	0.427900698	0.02173913	0.019803922	0.11627907	37.0897715	0.000963763
SFRP1	-0.526	2.754784698	-1.08525	-0.0475	-1.641859488	10.05478636	10.643	0.266193342	0.354785342	19.37	0	0.049822974	0.026559729	0.026559729	0	0.015262409	0.014625229	19.63	0.040860215	0.013764213	0.013416937	0.02	0.421885675	0.755326017	0.013986014	0.304741295	0.076836158	158.2990475	0.020833333
SLC39A6	-0.8825	-0.557500599	-0.477	-0.942	0.079968262	12.53565184	11.65	-0.209868579	-0.254102323	19.66	0	0.779857398	0.63220444	0.63220444	0.693147181	0.37620335	0.362578335	20.7	0.484251969	0.377289377	0.255492905	0.304878049	0.787178319	0.074564235	0.242788462	0.057831246	4.970560304	1.19087791	0.674466979
TMEM45B	-1.3705	1.998777205	-1.57915	-0.622	-1.694689158	6.548036591	6.3265	-0.271048573	-0.127977284	14.85	0	0.005334467	0.004111092	0.004111092	0	0.076947893	0.066380449	14.85	0.005671078	0.076862745	0	0.056034483	0.006319745	0.064645813	0.004608295	0.025653681	0.03539823	0	0.0592
TYMS	-2.795	0.344801316	-2.783052632	-1.963	-2.233947158	9.419438291	8.438	-0.16194754	-0.059413703	16.59	0	0.064691123	0.065667423	0.065667423	0	0.045402119	0.044889391	16.69	0.083333333	0.043137255	0.060661765	0.025445293	0.139262127	0.027202301	0.058915947	0.00586994	0.310743802	2.934267995	0.048541527
UBE2C	-1.089	-0.743295045	-2.214897436	-1.121	-1.168991322	9.511211739	8.127	0.214401002	0.224708553	18.14	0	0.069470858	0.072956153	0.072956153	0.693147181	0.011380006	0.01099537	18.23	0.131570137	0.010909091	0.050035097	0.005481597	0.250113869	0.05023769	0.075	0.016463752	0.638016529	15.78932435	0.011109054
UBE2T	-1.723	-0.152282102	-1.557513514	-1.029	-1.277875511	8.887009756	7.068	0.209690412	0.323417998	16.95	0	0.060408565	0.065889247	0.065889247	0.693147181	0.020590649	0.018796992	17.22	0.08495041	0.018939394	0.0625	0.017094017	0.126451833		0.06205813		0.303305785	0	0.018700241